Kilo_Meter_lamda = 0.5577997790766174
price_lamda = 0.2647796907246444
Kilo_Meter_lamda = 0.5577997790766174
